6 9
6 7
5 9
6 10
6 9
5 10
6 15
6 12
5 8
6 13
6 7
5 9
6 6
6 4
6 5
6 3
6 5
6 4
5 5
6 5
7 4
5 7
6 5
6 11
5 7
8 13
6 14
5 10
6 17
6 12
6 12
7 18
6 15
5 14
6 16
6 18
5 19
7 17
6 20
6 17
11 20
6 11
11 23
6 13
5 12
8 15
6 10
6 8
5 8
6 18
6 13
5 12
6 14
6 15
5 16
6 11
6 11
11 21
5 10
6 11
6 9
5 9
6 10
6 15
5 12
11 14
6 7
6 8
5 14
6 10
6 9
5 6
6 8
6 7
5 8
6 5
6 11
10 21
6 8
8 8
10 16
6 4
6 7
5 6
6 12
11 20
5 13
6 12
6 10
6 14
7 12
6 11
6 13
7 11
5 11
6 12
6 8
6 11
5 14
6 12
6 19
10 27
6 17
6 14
10 31
12 19
6 12
5 18
6 17
6 17
5 21
6 23
6 24
5 25
6 20
11 42
6 25
6 29
6 22
6 25
6 32
5 32
8 37
6 28
6 30
5 25
6 24
6 23
5 17
6 19
6 28
5 27
6 21
12 38
5 24
6 22
6 18
7 22
11 38
6 20
6 23
6 27
5 27
6 26
6 25
5 24
6 22
6 26
5 22
6 20
6 19
5 20
6 17
6 16
5 19
6 21
6 21
5 20
6 19
6 24
6 25
7 29
6 21
5 23
6 20
6 21
5 20
6 15
6 19
10 34
6 19
6 29
5 25
6 28
6 26
5 25
7 32
5 33
6 29
6 28
5 26
6 26
6 26
5 25
6 22
6 19
6 20
5 26
6 18
6 20
5 20
11 32
6 19
6 20
5 24
6 19
6 28
10 42
6 29
6 25
6 22
5 28
6 34
6 29
5 26
6 32
6 33
5 23
6 29
7 25
6 25
6 19
6 20
6 17
6 13
5 18
6 16
6 17
6 21
7 14
5 15
7 17
5 21
6 16
6 13
5 20
6 22
11 32
5 22
6 24
6 27
7 27
7 31
5 28
6 23
6 26
6 28
6 21
11 52
5 24
6 23
6 19
5 17
6 25
6 25
5 21
6 23
6 24
5 24
6 22
6 12
5 19
6 19
6 16
5 20
6 28
6 28
5 24
6 28
6 30
5 29
6 29
6 34
6 42
6 44
8 62
6 47
5 49
11 76
6 46
5 31
11 61
6 29
5 22
6 24
6 18
6 25
6 29
8 36
7 29
5 32
6 25
11 56
11 51
6 25
5 34
7 33
6 38
6 44
5 40
6 45
6 34
5 40
6 35
6 37
5 39
6 47
6 44
5 49
6 42
6 46
5 46
8 62
6 51
5 51
6 60
7 81
5 63
6 55
6 55
5 51
6 48
6 45
5 51
6 51
6 43
6 48
71 44
6 12
11 26
5 24
6 18
6 15
5 19
7 20
5 28
6 25
6 29
5 30
6 33
6 26
6 31
6 31
5 22
11 48
11 63
5 37
6 34
6 33
5 29
6 26
6 23
7 27
6 27
5 27
6 33
6 43
6 46
6 48
5 46
6 42
11 69
5 38
6 37
6 38
5 30
6 34
6 33
6 25
6 30
10 48
6 34
6 32
5 38
6 31
6 37
6 42
7 41
5 45
6 29
6 32
5 28
11 54
6 39
5 38
6 38
6 42
5 48
6 39
6 42
5 43
11 73
6 40
6 44
6 33
5 44
6 42
6 37
10 68
7 35
5 32
6 33
6 23
16 85
5 26
6 27
6 29
6 43
6 40
7 38
5 36
6 26
6 33
6 40
11 55
6 34
5 36
6 36
6 35
6 27
6 32
5 29
7 30
6 31
7 39
5 31
6 28
6 30
10 55
6 33
6 30
7 32
6 29
6 32
6 36
6 40
5 42
6 35
6 41
6 40
6 44
10 77
6 30
6 36
5 33
8 43
6 27
5 24
6 35
7 39
5 38
6 37
6 34
5 38
6 36
6 30
7 36
5 38
6 37
6 39
6 42
5 44
6 42
6 38
5 32
6 38
6 39
7 46
6 38
6 34
5 35
11 57
6 41
5 50
6 37
6 34
5 37
6 37
6 35
5 33
6 37
6 36
6 32
6 24
5 30
6 29
6 33
5 27
6 28
6 28
5 24
6 26
6 23
5 31
6 28
6 31
5 30
6 28
6 29
6 30
6 26
6 29
6 28
5 31
6 33
6 32
6 36
6 26
6 28
5 35
6 34
6 29
5 28
11 69
5 36
6 36
6 33
10 81
6 36
6 47
5 45
7 52
5 44
6 37
5 35
6 44
6 39
5 37
6 38
6 30
6 43
6 36
6 39
5 43
6 28
11 51
5 28
6 25
5 30
6 33
6 30
5 29
6 28
6 30
5 30
6 27
6 29
5 34
6 28
7 33
5 28
6 22
5 29
6 28
6 26
5 21
6 20
6 16
5 18
6 22
7 31
5 26
6 29
7 35
5 33
6 30
6 22
5 27
6 26
6 17
5 24
6 20
5 14
6 23
6 25
6 14
6 18
5 21
6 23
6 30
5 23
6 29
6 28
5 22
6 31
6 29
11 55
6 26
6 27
5 34
6 31
6 30
5 29
6 35
7 35
6 27
5 30
7 37
6 33
5 28
6 27
6 26
6 22
5 25
6 28
6 30
7 33
5 28
6 29
6 31
6 33
6 29
5 35
6 38
6 38
6 39
66 93
5 25
6 22
6 22
5 25
6 27
11 49
5 29
6 33
6 35
6 27
5 30
6 30
6 23
6 29
7 34
5 27
6 35
6 38
7 28
5 29
6 21
6 23
5 30
6 28
6 19
5 21
6 26
6 29
6 32
6 28
5 27
6 20
6 31
5 35
6 36
6 29
5 27
6 28
6 24
5 23
6 22
5 22
7 25
6 21
6 31
6 26
7 34
5 18
7 28
5 24
6 25
6 33
6 27
5 32
7 29
6 43
6 35
6 28
5 35
6 31
6 39
5 33
6 25
6 30
6 32
11 53
6 23
5 22
6 26
6 25
5 25
6 22
6 18
5 25
6 29
5 27
6 25
11 45
5 28
6 29
6 27
6 23
5 28
6 25
6 24
5 19
6 21
7 22
5 22
7 32
7 33
6 24
5 25
6 21
6 26
5 24
6 22
6 24
6 25
5 26
6 25
6 32
5 23
6 25
6 29
5 31
6 28
6 25
5 21
7 31
5 31
6 24
6 23
5 27
6 22
6 31
5 31
6 34
6 29
5 22
6 31
6 33
7 37
6 28
6 23
5 22
6 29
6 22
5 22
6 27
11 44
5 33
6 34
6 34
5 40
6 34
6 35
5 41
6 32
6 32
5 33
6 32
12 71
6 35
6 28
5 29
6 30
6 27
5 23
6 26
6 25
6 27
6 30
5 26
6 26
6 24
5 26
6 19
6 27
5 20
6 22
6 23
5 23
6 27
6 24
6 22
6 30
6 27
6 29
6 31
5 25
6 25
6 32
6 25
5 36
6 39
6 31
6 45
5 29
7 28
6 28
5 19
6 25
6 30
5 26
6 28
6 27
5 30
6 33
6 28
5 31
6 32
6 27
6 28
6 27
5 25
7 31
5 33
8 41
6 39
5 37
6 35
6 30
10 61
6 33
6 30
5 29
6 30
10 24
5 29
7 30
6 31
5 28
6 24
6 25
6 21
5 23
6 27
6 26
5 30
6 29
6 27
5 31
6 26
6 25
5 28
6 28
6 24
5 27
6 27
6 26
6 31
5 26
6 25
7 32
5 22
6 34
6 26
5 27
6 29
6 27
5 25
6 30
6 24
5 32
6 26
6 27
6 26
6 30
6 28
5 28
6 18
6 23
6 26
5 24
6 26
6 29
5 24
11 39
6 20
5 21
6 31
6 23
5 18
6 22
6 19
6 22
5 22
6 21
6 30
5 22
6 19
6 16
6 15
8 21
6 16
6 17
6 20
5 21
6 17
6 14
5 26
6 17
6 19
6 22
5 19
6 16
6 18
5 16
6 18
6 20
5 16
6 19
7 24
5 22
6 23
6 20
5 26
6 29
6 28
5 24
6 29
6 31
5 33
6 25
6 36
6 30
6 26
6 29
5 30
11 59
6 35
5 27
6 30
7 28
6 26
5 24
6 24
6 29
5 23
6 21
6 26
5 26
6 24
6 27
5 24
6 17
6 22
5 20
6 21
6 21
5 18
6 18
6 19
5 16
6 16
6 19
5 13
6 19
6 16
5 20
6 19
6 23
6 13
6 19
67 24
6 18
5 14
6 16
6 15
5 11
6 15
6 23
5 23
6 18
6 23
5 21
6 21
6 22
5 18
6 21
6 22
5 22
6 17
6 18
5 16
6 18
7 21
5 18
6 17
6 16
5 15
6 18
6 15
5 14
6 14
6 11
5 14
6 11
6 13
6 11
6 14
6 10
8 14
5 9
6 12
6 10
5 17
6 15
6 14
5 15
6 11
6 14
5 16
6 19
6 17
6 21
6 18
11 25
6 12
5 11
6 12
6 9
6 12
5 9
6 8
6 12
5 13
6 9
6 11
5 13
6 8
5 10
6 11
6 8
6 12
6 6
6 9
6 11
6 7
6 16
6 13
6 12
6 9
5 10
6 10
6 9
5 7
6 12
6 11
6 11
6 14
5 13
6 11
6 14
5 12
6 10
6 22
6 15
6 17
5 16
6 13
6 18
6 15
5 14
6 17
6 14
5 14
6 18
6 16
5 16
6 17
6 16
5 17
7 17
5 22
6 17
6 18
5 19
6 19
6 22
6 17
6 23
7 21
6 19
5 23
6 33
6 30
5 24
6 26
5 27
7 21
5 18
6 22
6 18
6 14
5 15
6 16
6 11
6 10
5 27
6 30
6 11
5 15
6 17
6 13
5 16
6 16
6 15
6 17
6 10
6 13
5 11
6 9
6 9
5 10
9 11
6 9
6 10
5 9
6 7
6 9
5 7
6 9
6 8
5 7
6 9
6 6
5 6
6 7
6 9
5 6
6 8
6 6
5 7
6 14
6 12
5 13
6 14
6 12
5 16
6 15
6 17
5 17
6 18
6 13
5 17
6 18
6 15
6 18
5 18
6 11
6 13
5 15
6 16
6 19
5 16
6 19
6 18
5 21
6 16
6 17
5 21
6 17
6 17
6 20
5 17
6 17
6 15
5 17
6 11
7 17
6 21
6 19
5 24
6 22
6 19
5 20
6 19
6 13
6 18
6 9
6 9
5 10
6 8
6 9
5 10
6 6
11 15
6 8
5 8
6 12
6 8
5 7
6 10
6 10
6 9
6 12
6 14
6 15
6 11
5 13
6 14
6 13
6 17
6 14
6 13
5 10
6 15
6 13
6 18
6 11
5 11
6 14
6 11
5 10
6 12
6 14
5 11
6 20
5 16
6 14
6 23
5 17
6 16
6 23
5 25
12 48
6 17
5 19
6 16
6 24
6 21
6 19
5 12
6 11
6 12
6 14
6 14
6 16
6 15
6 18
5 15
6 17
11 31
5 19
6 17
6 13
5 16
6 14
6 14
5 12
6 15
6 15
5 19
6 17
6 15
5 19
6 16
6 13
5 15
6 13
7 15
5 16
6 21
6 16
5 14
6 13
6 15
5 14
7 22
6 13
6 18
6 15
6 24
5 25
6 19
6 26
5 20
6 25
5 20
6 20
6 22
5 17
6 15
6 18
5 14
6 11
6 14
5 12
6 10
6 12
5 11
6 10
6 10
6 17
5 15
6 14
11 22
5 14
6 14
6 13
5 14
6 14
6 14
5 16
6 18
6 17
5 18
6 18
6 14
5 10
6 17
6 13
10 19
6 14
6 13
6 13
6 13
5 11
6 14
6 15
10 33
7 18
6 17
6 18
5 14
6 20
6 14
5 16
6 18
6 12
5 11
6 15
6 13
6 13
6 14
6 12
5 19
6 17
5 12
6 18
6 15
5 12
11 30
6 18
5 17
6 17
6 16
5 13
6 12
6 14
6 15
6 16
6 16
5 18
7 22
6 22
6 18
6 19
5 22
6 14
5 15
6 18
6 13
5 17
6 23
11 36
5 18
6 18
6 23
10 41
6 17
6 14
5 17
6 13
6 16
5 19
11 27
6 15
5 14
6 14
5 19
6 15
6 13
11 26
5 13
6 13
5 18
6 13
6 17
5 16
6 11
6 13
5 11
6 13
6 13
6 16
6 15
5 14
6 21
6 14
6 13
6 13
5 14
6 14
6 14
5 17
6 13
6 16
5 15
6 14
6 19
6 20
6 10
6 16
5 10
6 8
6 14
10 25
8 17
6 15
6 14
5 13
7 20
6 18
6 18
6 18
6 20
5 15
6 12
5 13
6 15
6 13
5 14
6 17
6 12
5 16
6 14
6 13
5 11
6 19
12 28
5 19
6 16
6 14
6 18
5 16
6 17
5 14
6 16
6 17
5 15
6 13
6 12
5 7
6 13
6 12
6 10
5 10
6 13
6 11
5 9
6 15
6 14
5 14
6 16
6 13
5 16
6 16
5 18
6 16
6 17
5 12
6 12
6 17
6 12
5 13
6 18
6 18
5 19
6 18
6 18
5 13
7 23
6 20
5 18
6 24
6 21
5 20
6 21
6 18
5 20
6 28
6 21
5 24
6 24
5 20
6 17
6 14
5 20
6 18
6 20
5 19
6 19
6 20
5 20
6 22
6 17
5 19
11 30
6 17
5 16
6 17
6 14
5 18
6 15
6 17
5 16
7 15
5 22
6 18
6 17
5 21
7 29
6 22
5 19
6 17
6 16
5 17
6 14
6 16
5 22
6 18
6 22
5 16
6 15
6 17
5 20
6 15
6 18
6 17
6 16
5 19
6 22
6 18
5 16
6 18
6 16
5 14
6 15
6 18
5 17
6 16
6 18
5 14
6 10
6 18
5 11
6 16
6 11
5 10
6 15
6 15
5 13
6 10
6 12
5 8
67 16
6 6
6 5
5 8
6 5
11 11
10 9
6 6
6 6
5 4
7 7
5 6
6 7
6 7
5 7
6 7
6 11
5 8
6 9
6 9
5 9
6 10
6 7
5 5
6 6
6 7
5 8
6 8
6 7
5 9
7 14
5 8
6 12
5 10
6 6
6 10
7 11
5 7
6 5
6 6
5 9
6 8
6 8
6 9
5 10
6 6
6 10
5 7
11 17
6 6
7 13
6 8
6 9
6 6
6 9
6 9
6 10
5 7
6 5
6 7
5 10
6 9
6 10
5 10
6 12
6 5
5 10
6 6
6 4
5 5
6 6
6 5
10 10
6 6
6 5
5 6
6 4
6 5
5 6
6 6
6 5
5 7
6 5
6 6
5 9
6 4
6 5
5 6
6 5
6 5
5 6
7 5
5 7
6 6
7 9
5 7
6 6
6 7
5 7
6 6
6 7
5 6
6 7
6 8
5 6
6 8
6 7
5 7
6 8
6 6
5 6
6 6
5 5
6 5
6 8
5 5
6 4
6 6
5 5
6 6
6 5
5 6
6 5
6 5
5 5
6 6
6 5
5 8
6 6
5 9
6 9
6 9
5 9
6 6
6 7
5 4
6 9
6 11
5 5
6 11
5 11
6 7
6 8
5 11
6 8
6 9
5 8
6 7
11 16
5 9
7 12
6 9
5 6
6 8
6 9
5 7
6 10
5 7
7 8
6 6
5 6
6 7
6 6
6 8
6 7
6 5
5 10
6 9
6 6
5 11
6 7
5 7
6 8
6 9
5 9
6 10
6 9
5 9
6 10
6 9
5 8
6 11
6 8
5 9
6 10
6 9
5 7
6 11
6 9
5 9
6 11
5 12
6 10
6 13
5 13
6 16
6 16
5 15
6 13
6 15
5 17
6 17
6 14
6 16
12 27
5 10
6 14
6 14
5 13
6 13
6 18
5 14
6 15
5 15
6 13
6 14
5 14
6 13
11 18
5 8
7 11
6 10
5 9
6 9
6 8
5 11
6 8
5 7
6 13
6 14
5 14
6 14
6 16
5 14
6 15
6 9
5 11
6 17
7 17
5 16
6 12
5 15
6 15
6 11
5 11
6 12
6 13
5 9
6 10
6 12
5 10
6 13
5 9
6 17
6 17
5 12
6 9
6 12
5 11
6 12
6 15
5 15
6 9
6 10
5 7
6 9
5 8
6 7
6 5
5 7
6 6
6 9
5 8
6 12
5 15
6 7
6 14
5 15
6 9
6 9
5 10
6 10
6 7
5 15
6 19
5 18
6 16
6 19
5 13
6 12
6 10
6 8
5 9
6 7
5 7
6 5
6 7
5 13
6 14
6 15
5 8
6 7
6 7
10 10
6 5
5 6
6 7
6 12
5 9
6 14
6 14
5 12
6 11
6 5
5 13
6 10
6 5
5 4
6 11
5 11
6 13
6 12
6 14
6 14
6 11
5 13
6 10
6 15
5 12
6 12
5 7
6 9
6 10
5 12
6 15
6 13
5 12
6 8
6 4
5 4
6 4
5 2
6 1
6 2
5 1
6 2
6 1
5 1
6 4
7 2
5 1
6 1
5 5
6 6
6 5
5 6
6 7
6 4
5 5
6 6
6 4
5 3
6 2
7 6
5 6
6 5
6 3
5 5
6 6
6 4
5 7
6 7
5 9
6 7
6 9
5 13
6 12
5 9
6 10
6 9
5 12
6 11
6 7
6 9
5 11
6 8
