6 9
12 7
17 9
23 10
29 9
34 10
40 15
46 12
51 8
57 13
63 7
68 9
74 6
80 4
86 5
92 3
98 5
104 4
109 5
115 5
122 4
127 7
133 5
139 11
144 7
152 13
158 14
163 10
169 17
175 12
181 12
188 18
194 15
199 14
205 16
211 18
216 19
223 17
229 20
235 17
246 20
252 11
263 23
269 13
274 12
282 15
288 10
294 8
299 8
305 18
311 13
316 12
322 14
328 15
333 16
339 11
345 11
356 21
361 10
367 11
373 9
378 9
384 10
390 15
395 12
406 14
412 7
418 8
423 14
429 10
435 9
440 6
446 8
452 7
457 8
463 5
469 11
479 21
485 8
493 8
503 16
509 4
515 7
520 6
526 12
537 20
542 13
548 12
554 10
560 14
567 12
573 11
579 13
586 11
591 11
597 12
603 8
609 11
614 14
620 12
626 19
636 27
642 17
648 14
658 31
670 19
676 12
681 18
687 17
693 17
698 21
704 23
710 24
715 25
721 20
732 42
738 25
744 29
750 22
756 25
762 32
767 32
775 37
781 28
787 30
792 25
798 24
804 23
809 17
815 19
821 28
826 27
832 21
844 38
849 24
855 22
861 18
868 22
879 38
885 20
891 23
897 27
902 27
908 26
914 25
919 24
925 22
931 26
936 22
942 20
948 19
953 20
959 17
965 16
970 19
976 21
982 21
987 20
993 19
999 24
1005 25
1012 29
1018 21
1023 23
1029 20
1035 21
1040 20
1046 15
1052 19
1062 34
1068 19
1074 29
1079 25
1085 28
1091 26
1096 25
1103 32
1108 33
1114 29
1120 28
1125 26
1131 26
1137 26
1142 25
1148 22
1154 19
1160 20
1165 26
1171 18
1177 20
1182 20
1193 32
1199 19
1205 20
1210 24
1216 19
1222 28
1232 42
1238 29
1244 25
1250 22
1255 28
1261 34
1267 29
1272 26
1278 32
1284 33
1289 23
1295 29
1302 25
1308 25
1314 19
1320 20
1326 17
1332 13
1337 18
1343 16
1349 17
1355 21
1362 14
1367 15
1374 17
1379 21
1385 16
1391 13
1396 20
1402 22
1413 32
1418 22
1424 24
1430 27
1437 27
1444 31
1449 28
1455 23
1461 26
1467 28
1473 21
1484 52
1489 24
1495 23
1501 19
1506 17
1512 25
1518 25
1523 21
1529 23
1535 24
1540 24
1546 22
1552 12
1557 19
1563 19
1569 16
1574 20
1580 28
1586 28
1591 24
1597 28
1603 30
1608 29
1614 29
1620 34
1626 42
1632 44
1640 62
1646 47
1651 49
1662 76
1668 46
1673 31
1684 61
1690 29
1695 22
1701 24
1707 18
1713 25
1719 29
1727 36
1734 29
1739 32
1745 25
1756 56
1767 51
1773 25
1778 34
1785 33
1791 38
1797 44
1802 40
1808 45
1814 34
1819 40
1825 35
1831 37
1836 39
1842 47
1848 44
1853 49
1859 42
1865 46
1870 46
1878 62
1884 51
1889 51
1895 60
1902 81
1907 63
1913 55
1919 55
1924 51
1930 48
1936 45
1941 51
1947 51
1953 43
1959 48
2030 44
2036 12
2047 26
2052 24
2058 18
2064 15
2069 19
2076 20
2081 28
2087 25
2093 29
2098 30
2104 33
2110 26
2116 31
2122 31
2127 22
2138 48
2149 63
2154 37
2160 34
2166 33
2171 29
2177 26
2183 23
2190 27
2196 27
2201 27
2207 33
2213 43
2219 46
2225 48
2230 46
2236 42
2247 69
2252 38
2258 37
2264 38
2269 30
2275 34
2281 33
2287 25
2293 30
2303 48
2309 34
2315 32
2320 38
2326 31
2332 37
2338 42
2345 41
2350 45
2356 29
2362 32
2367 28
2378 54
2384 39
2389 38
2395 38
2401 42
2406 48
2412 39
2418 42
2423 43
2434 73
2440 40
2446 44
2452 33
2457 44
2463 42
2469 37
2479 68
2486 35
2491 32
2497 33
2503 23
2519 85
2524 26
2530 27
2536 29
2542 43
2548 40
2555 38
2560 36
2566 26
2572 33
2578 40
2589 55
2595 34
2600 36
2606 36
2612 35
2618 27
2624 32
2629 29
2636 30
2642 31
2649 39
2654 31
2660 28
2666 30
2676 55
2682 33
2688 30
2695 32
2701 29
2707 32
2713 36
2719 40
2724 42
2730 35
2736 41
2742 40
2748 44
2758 77
2764 30
2770 36
2775 33
2783 43
2789 27
2794 24
2800 35
2807 39
2812 38
2818 37
2824 34
2829 38
2835 36
2841 30
2848 36
2853 38
2859 37
2865 39
2871 42
2876 44
2882 42
2888 38
2893 32
2899 38
2905 39
2912 46
2918 38
2924 34
2929 35
2940 57
2946 41
2951 50
2957 37
2963 34
2968 37
2974 37
2980 35
2985 33
2991 37
2997 36
3003 32
3009 24
3014 30
3020 29
3026 33
3031 27
3037 28
3043 28
3048 24
3054 26
3060 23
3065 31
3071 28
3077 31
3082 30
3088 28
3094 29
3100 30
3106 26
3112 29
3118 28
3123 31
3129 33
3135 32
3141 36
3147 26
3153 28
3158 35
3164 34
3170 29
3175 28
3186 69
3191 36
3197 36
3203 33
3213 81
3219 36
3225 47
3230 45
3237 52
3242 44
3248 37
3253 35
3259 44
3265 39
3270 37
3276 38
3282 30
3288 43
3294 36
3300 39
3305 43
3311 28
3322 51
3327 28
3333 25
3338 30
3344 33
3350 30
3355 29
3361 28
3367 30
3372 30
3378 27
3384 29
3389 34
3395 28
3402 33
3407 28
3413 22
3418 29
3424 28
3430 26
3435 21
3441 20
3447 16
3452 18
3458 22
3465 31
3470 26
3476 29
3483 35
3488 33
3494 30
3500 22
3505 27
3511 26
3517 17
3522 24
3528 20
3533 14
3539 23
3545 25
3551 14
3557 18
3562 21
3568 23
3574 30
3579 23
3585 29
3591 28
3596 22
3602 31
3608 29
3619 55
3625 26
3631 27
3636 34
3642 31
3648 30
3653 29
3659 35
3666 35
3672 27
3677 30
3684 37
3690 33
3695 28
3701 27
3707 26
3713 22
3718 25
3724 28
3730 30
3737 33
3742 28
3748 29
3754 31
3760 33
3766 29
3771 35
3777 38
3783 38
3789 39
3855 93
3860 25
3866 22
3872 22
3877 25
3883 27
3894 49
3899 29
3905 33
3911 35
3917 27
3922 30
3928 30
3934 23
3940 29
3947 34
3952 27
3958 35
3964 38
3971 28
3976 29
3982 21
3988 23
3993 30
3999 28
4005 19
4010 21
4016 26
4022 29
4028 32
4034 28
4039 27
4045 20
4051 31
4056 35
4062 36
4068 29
4073 27
4079 28
4085 24
4090 23
4096 22
4101 22
4108 25
4114 21
4120 31
4126 26
4133 34
4138 18
4145 28
4150 24
4156 25
4162 33
4168 27
4173 32
4180 29
4186 43
4192 35
4198 28
4203 35
4209 31
4215 39
4220 33
4226 25
4232 30
4238 32
4249 53
4255 23
4260 22
4266 26
4272 25
4277 25
4283 22
4289 18
4294 25
4300 29
4305 27
4311 25
4322 45
4327 28
4333 29
4339 27
4345 23
4350 28
4356 25
4362 24
4367 19
4373 21
4380 22
4385 22
4392 32
4399 33
4405 24
4410 25
4416 21
4422 26
4427 24
4433 22
4439 24
4445 25
4450 26
4456 25
4462 32
4467 23
4473 25
4479 29
4484 31
4490 28
4496 25
4501 21
4508 31
4513 31
4519 24
4525 23
4530 27
4536 22
4542 31
4547 31
4553 34
4559 29
4564 22
4570 31
4576 33
4583 37
4589 28
4595 23
4600 22
4606 29
4612 22
4617 22
4623 27
4634 44
4639 33
4645 34
4651 34
4656 40
4662 34
4668 35
4673 41
4679 32
4685 32
4690 33
4696 32
4708 71
4714 35
4720 28
4725 29
4731 30
4737 27
4742 23
4748 26
4754 25
4760 27
4766 30
4771 26
4777 26
4783 24
4788 26
4794 19
4800 27
4805 20
4811 22
4817 23
4822 23
4828 27
4834 24
4840 22
4846 30
4852 27
4858 29
4864 31
4869 25
4875 25
4881 32
4887 25
4892 36
4898 39
4904 31
4910 45
4915 29
4922 28
4928 28
4933 19
4939 25
4945 30
4950 26
4956 28
4962 27
4967 30
4973 33
4979 28
4984 31
4990 32
4996 27
5002 28
5008 27
5013 25
5020 31
5025 33
5033 41
5039 39
5044 37
5050 35
5056 30
5066 61
5072 33
5078 30
5083 29
5089 30
5099 24
5104 29
5111 30
5117 31
5122 28
5128 24
5134 25
5140 21
5145 23
5151 27
5157 26
5162 30
5168 29
5174 27
5179 31
5185 26
5191 25
5196 28
5202 28
5208 24
5213 27
5219 27
5225 26
5231 31
5236 26
5242 25
5249 32
5254 22
5260 34
5266 26
5271 27
5277 29
5283 27
5288 25
5294 30
5300 24
5305 32
5311 26
5317 27
5323 26
5329 30
5335 28
5340 28
5346 18
5352 23
5358 26
5363 24
5369 26
5375 29
5380 24
5391 39
5397 20
5402 21
5408 31
5414 23
5419 18
5425 22
5431 19
5437 22
5442 22
5448 21
5454 30
5459 22
5465 19
5471 16
5477 15
5485 21
5491 16
5497 17
5503 20
5508 21
5514 17
5520 14
5525 26
5531 17
5537 19
5543 22
5548 19
5554 16
5560 18
5565 16
5571 18
5577 20
5582 16
5588 19
5595 24
5600 22
5606 23
5612 20
5617 26
5623 29
5629 28
5634 24
5640 29
5646 31
5651 33
5657 25
5663 36
5669 30
5675 26
5681 29
5686 30
5697 59
5703 35
5708 27
5714 30
5721 28
5727 26
5732 24
5738 24
5744 29
5749 23
5755 21
5761 26
5766 26
5772 24
5778 27
5783 24
5789 17
5795 22
5800 20
5806 21
5812 21
5817 18
5823 18
5829 19
5834 16
5840 16
5846 19
5851 13
5857 19
5863 16
5868 20
5874 19
5880 23
5886 13
5892 19
5959 24
5965 18
5970 14
5976 16
5982 15
5987 11
5993 15
5999 23
6004 23
6010 18
6016 23
6021 21
6027 21
6033 22
6038 18
6044 21
6050 22
6055 22
6061 17
6067 18
6072 16
6078 18
6085 21
6090 18
6096 17
6102 16
6107 15
6113 18
6119 15
6124 14
6130 14
6136 11
6141 14
6147 11
6153 13
6159 11
6165 14
6171 10
6179 14
6184 9
6190 12
6196 10
6201 17
6207 15
6213 14
6218 15
6224 11
6230 14
6235 16
6241 19
6247 17
6253 21
6259 18
6270 25
6276 12
6281 11
6287 12
6293 9
6299 12
6304 9
6310 8
6316 12
6321 13
6327 9
6333 11
6338 13
6344 8
6349 10
6355 11
6361 8
6367 12
6373 6
6379 9
6385 11
6391 7
6397 16
6403 13
6409 12
6415 9
6420 10
6426 10
6432 9
6437 7
6443 12
6449 11
6455 11
6461 14
6466 13
6472 11
6478 14
6483 12
6489 10
6495 22
6501 15
6507 17
6512 16
6518 13
6524 18
6530 15
6535 14
6541 17
6547 14
6552 14
6558 18
6564 16
6569 16
6575 17
6581 16
6586 17
6593 17
6598 22
6604 17
6610 18
6615 19
6621 19
6627 22
6633 17
6639 23
6646 21
6652 19
6657 23
6663 33
6669 30
6674 24
6680 26
6685 27
6692 21
6697 18
6703 22
6709 18
6715 14
6720 15
6726 16
6732 11
6738 10
6743 27
6749 30
6755 11
6760 15
6766 17
6772 13
6777 16
6783 16
6789 15
6795 17
6801 10
6807 13
6812 11
6818 9
6824 9
6829 10
6838 11
6844 9
6850 10
6855 9
6861 7
6867 9
6872 7
6878 9
6884 8
6889 7
6895 9
6901 6
6906 6
6912 7
6918 9
6923 6
6929 8
6935 6
6940 7
6946 14
6952 12
6957 13
6963 14
6969 12
6974 16
6980 15
6986 17
6991 17
6997 18
7003 13
7008 17
7014 18
7020 15
7026 18
7031 18
7037 11
7043 13
7048 15
7054 16
7060 19
7065 16
7071 19
7077 18
7082 21
7088 16
7094 17
7099 21
7105 17
7111 17
7117 20
7122 17
7128 17
7134 15
7139 17
7145 11
7152 17
7158 21
7164 19
7169 24
7175 22
7181 19
7186 20
7192 19
7198 13
7204 18
7210 9
7216 9
7221 10
7227 8
7233 9
7238 10
7244 6
7255 15
7261 8
7266 8
7272 12
7278 8
7283 7
7289 10
7295 10
7301 9
7307 12
7313 14
7319 15
7325 11
7330 13
7336 14
7342 13
7348 17
7354 14
7360 13
7365 10
7371 15
7377 13
7383 18
7389 11
7394 11
7400 14
7406 11
7411 10
7417 12
7423 14
7428 11
7434 20
7439 16
7445 14
7451 23
7456 17
7462 16
7468 23
7473 25
7485 48
7491 17
7496 19
7502 16
7508 24
7514 21
7520 19
7525 12
7531 11
7537 12
7543 14
7549 14
7555 16
7561 15
7567 18
7572 15
7578 17
7589 31
7594 19
7600 17
7606 13
7611 16
7617 14
7623 14
7628 12
7634 15
7640 15
7645 19
7651 17
7657 15
7662 19
7668 16
7674 13
7679 15
7685 13
7692 15
7697 16
7703 21
7709 16
7714 14
7720 13
7726 15
7731 14
7738 22
7744 13
7750 18
7756 15
7762 24
7767 25
7773 19
7779 26
7784 20
7790 25
7795 20
7801 20
7807 22
7812 17
7818 15
7824 18
7829 14
7835 11
7841 14
7846 12
7852 10
7858 12
7863 11
7869 10
7875 10
7881 17
7886 15
7892 14
7903 22
7908 14
7914 14
7920 13
7925 14
7931 14
7937 14
7942 16
7948 18
7954 17
7959 18
7965 18
7971 14
7976 10
7982 17
7988 13
7998 19
8004 14
8010 13
8016 13
8022 13
8027 11
8033 14
8039 15
8049 33
8056 18
8062 17
8068 18
8073 14
8079 20
8085 14
8090 16
8096 18
8102 12
8107 11
8113 15
8119 13
8125 13
8131 14
8137 12
8142 19
8148 17
8153 12
8159 18
8165 15
8170 12
8181 30
8187 18
8192 17
8198 17
8204 16
8209 13
8215 12
8221 14
8227 15
8233 16
8239 16
8244 18
8251 22
8257 22
8263 18
8269 19
8274 22
8280 14
8285 15
8291 18
8297 13
8302 17
8308 23
8319 36
8324 18
8330 18
8336 23
8346 41
8352 17
8358 14
8363 17
8369 13
8375 16
8380 19
8391 27
8397 15
8402 14
8408 14
8413 19
8419 15
8425 13
8436 26
8441 13
8447 13
8452 18
8458 13
8464 17
8469 16
8475 11
8481 13
8486 11
8492 13
8498 13
8504 16
8510 15
8515 14
8521 21
8527 14
8533 13
8539 13
8544 14
8550 14
8556 14
8561 17
8567 13
8573 16
8578 15
8584 14
8590 19
8596 20
8602 10
8608 16
8613 10
8619 8
8625 14
8635 25
8643 17
8649 15
8655 14
8660 13
8667 20
8673 18
8679 18
8685 18
8691 20
8696 15
8702 12
8707 13
8713 15
8719 13
8724 14
8730 17
8736 12
8741 16
8747 14
8753 13
8758 11
8764 19
8776 28
8781 19
8787 16
8793 14
8799 18
8804 16
8810 17
8815 14
8821 16
8827 17
8832 15
8838 13
8844 12
8849 7
8855 13
8861 12
8867 10
8872 10
8878 13
8884 11
8889 9
8895 15
8901 14
8906 14
8912 16
8918 13
8923 16
8929 16
8934 18
8940 16
8946 17
8951 12
8957 12
8963 17
8969 12
8974 13
8980 18
8986 18
8991 19
8997 18
9003 18
9008 13
9015 23
9021 20
9026 18
9032 24
9038 21
9043 20
9049 21
9055 18
9060 20
9066 28
9072 21
9077 24
9083 24
9088 20
9094 17
9100 14
9105 20
9111 18
9117 20
9122 19
9128 19
9134 20
9139 20
9145 22
9151 17
9156 19
9167 30
9173 17
9178 16
9184 17
9190 14
9195 18
9201 15
9207 17
9212 16
9219 15
9224 22
9230 18
9236 17
9241 21
9248 29
9254 22
9259 19
9265 17
9271 16
9276 17
9282 14
9288 16
9293 22
9299 18
9305 22
9310 16
9316 15
9322 17
9327 20
9333 15
9339 18
9345 17
9351 16
9356 19
9362 22
9368 18
9373 16
9379 18
9385 16
9390 14
9396 15
9402 18
9407 17
9413 16
9419 18
9424 14
9430 10
9436 18
9441 11
9447 16
9453 11
9458 10
9464 15
9470 15
9475 13
9481 10
9487 12
9492 8
9559 16
9565 6
9571 5
9576 8
9582 5
9593 11
9603 9
9609 6
9615 6
9620 4
9627 7
9632 6
9638 7
9644 7
9649 7
9655 7
9661 11
9666 8
9672 9
9678 9
9683 9
9689 10
9695 7
9700 5
9706 6
9712 7
9717 8
9723 8
9729 7
9734 9
9741 14
9746 8
9752 12
9757 10
9763 6
9769 10
9776 11
9781 7
9787 5
9793 6
9798 9
9804 8
9810 8
9816 9
9821 10
9827 6
9833 10
9838 7
9849 17
9855 6
9862 13
9868 8
9874 9
9880 6
9886 9
9892 9
9898 10
9903 7
9909 5
9915 7
9920 10
9926 9
9932 10
9937 10
9943 12
9949 5
9954 10
9960 6
9966 4
9971 5
9977 6
9983 5
9993 10
9999 6
10005 5
10010 6
10016 4
10022 5
10027 6
10033 6
10039 5
10044 7
10050 5
10056 6
10061 9
10067 4
10073 5
10078 6
10084 5
10090 5
10095 6
10102 5
10107 7
10113 6
10120 9
10125 7
10131 6
10137 7
10142 7
10148 6
10154 7
10159 6
10165 7
10171 8
10176 6
10182 8
10188 7
10193 7
10199 8
10205 6
10210 6
10216 6
10221 5
10227 5
10233 8
10238 5
10244 4
10250 6
10255 5
10261 6
10267 5
10272 6
10278 5
10284 5
10289 5
10295 6
10301 5
10306 8
10312 6
10317 9
10323 9
10329 9
10334 9
10340 6
10346 7
10351 4
10357 9
10363 11
10368 5
10374 11
10379 11
10385 7
10391 8
10396 11
10402 8
10408 9
10413 8
10419 7
10430 16
10435 9
10442 12
10448 9
10453 6
10459 8
10465 9
10470 7
10476 10
10481 7
10488 8
10494 6
10499 6
10505 7
10511 6
10517 8
10523 7
10529 5
10534 10
10540 9
10546 6
10551 11
10557 7
10562 7
10568 8
10574 9
10579 9
10585 10
10591 9
10596 9
10602 10
10608 9
10613 8
10619 11
10625 8
10630 9
10636 10
10642 9
10647 7
10653 11
10659 9
10664 9
10670 11
10675 12
10681 10
10687 13
10692 13
10698 16
10704 16
10709 15
10715 13
10721 15
10726 17
10732 17
10738 14
10744 16
10756 27
10761 10
10767 14
10773 14
10778 13
10784 13
10790 18
10795 14
10801 15
10806 15
10812 13
10818 14
10823 14
10829 13
10840 18
10845 8
10852 11
10858 10
10863 9
10869 9
10875 8
10880 11
10886 8
10891 7
10897 13
10903 14
10908 14
10914 14
10920 16
10925 14
10931 15
10937 9
10942 11
10948 17
10955 17
10960 16
10966 12
10971 15
10977 15
10983 11
10988 11
10994 12
11000 13
11005 9
11011 10
11017 12
11022 10
11028 13
11033 9
11039 17
11045 17
11050 12
11056 9
11062 12
11067 11
11073 12
11079 15
11084 15
11090 9
11096 10
11101 7
11107 9
11112 8
11118 7
11124 5
11129 7
11135 6
11141 9
11146 8
11152 12
11157 15
11163 7
11169 14
11174 15
11180 9
11186 9
11191 10
11197 10
11203 7
11208 15
11214 19
11219 18
11225 16
11231 19
11236 13
11242 12
11248 10
11254 8
11259 9
11265 7
11270 7
11276 5
11282 7
11287 13
11293 14
11299 15
11304 8
11310 7
11316 7
11326 10
11332 5
11337 6
11343 7
11349 12
11354 9
11360 14
11366 14
11371 12
11377 11
11383 5
11388 13
11394 10
11400 5
11405 4
11411 11
11416 11
11422 13
11428 12
11434 14
11440 14
11446 11
11451 13
11457 10
11463 15
11468 12
11474 12
11479 7
11485 9
11491 10
11496 12
11502 15
11508 13
11513 12
11519 8
11525 4
11530 4
11536 4
11541 2
11547 1
11553 2
11558 1
11564 2
11570 1
11575 1
11581 4
11588 2
11593 1
11599 1
11604 5
11610 6
11616 5
11621 6
11627 7
11633 4
11638 5
11644 6
11650 4
11655 3
11661 2
11668 6
11673 6
11679 5
11685 3
11690 5
11696 6
11702 4
11707 7
11713 7
11718 9
11724 7
11730 9
11735 13
11741 12
11746 9
11752 10
11758 9
11763 12
11769 11
11775 7
11781 9
11786 11
11792 8
