0 0
6 9
12 16
17 25
23 35
29 44
34 54
40 69
46 81
51 89
57 102
63 109
68 118
74 124
80 128
86 133
92 136
98 141
104 145
109 150
115 155
122 159
127 166
133 171
139 182
144 189
152 202
158 216
163 226
169 243
175 255
181 267
188 285
194 300
199 314
205 330
211 348
216 367
223 384
229 404
235 421
246 441
252 452
263 475
269 488
274 500
282 515
288 525
294 533
299 541
305 559
311 572
316 584
322 598
328 613
333 629
339 640
345 651
356 672
361 682
367 693
373 702
378 711
384 721
390 736
395 748
406 762
412 769
418 777
423 791
429 801
435 810
440 816
446 824
452 831
457 839
463 844
469 855
479 876
485 884
493 892
503 908
509 912
515 919
520 925
526 937
537 957
542 970
548 982
554 992
560 1006
567 1018
573 1029
579 1042
586 1053
591 1064
597 1076
603 1084
609 1095
614 1109
620 1121
626 1140
636 1167
642 1184
648 1198
658 1229
670 1248
676 1260
681 1278
687 1295
693 1312
698 1333
704 1356
710 1380
715 1405
721 1425
732 1467
738 1492
744 1521
750 1543
756 1568
762 1600
767 1632
775 1669
781 1697
787 1727
792 1752
798 1776
804 1799
809 1816
815 1835
821 1863
826 1890
832 1911
844 1949
849 1973
855 1995
861 2013
868 2035
879 2073
885 2093
891 2116
897 2143
902 2170
908 2196
914 2221
919 2245
925 2267
931 2293
936 2315
942 2335
948 2354
953 2374
959 2391
965 2407
970 2426
976 2447
982 2468
987 2488
993 2507
999 2531
1005 2556
1012 2585
1018 2606
1023 2629
1029 2649
1035 2670
1040 2690
1046 2705
1052 2724
1062 2758
1068 2777
1074 2806
1079 2831
1085 2859
1091 2885
1096 2910
1103 2942
1108 2975
1114 3004
1120 3032
1125 3058
1131 3084
1137 3110
1142 3135
1148 3157
1154 3176
1160 3196
1165 3222
1171 3240
1177 3260
1182 3280
1193 3312
1199 3331
1205 3351
1210 3375
1216 3394
1222 3422
1232 3464
1238 3493
1244 3518
1250 3540
1255 3568
1261 3602
1267 3631
1272 3657
1278 3689
1284 3722
1289 3745
1295 3774
1302 3799
1308 3824
1314 3843
1320 3863
1326 3880
1332 3893
1337 3911
1343 3927
1349 3944
1355 3965
1362 3979
1367 3994
1374 4011
1379 4032
1385 4048
1391 4061
1396 4081
1402 4103
1413 4135
1418 4157
1424 4181
1430 4208
1437 4235
1444 4266
1449 4294
1455 4317
1461 4343
1467 4371
1473 4392
1484 4444
1489 4468
1495 4491
1501 4510
1506 4527
1512 4552
1518 4577
1523 4598
1529 4621
1535 4645
1540 4669
1546 4691
1552 4703
1557 4722
1563 4741
1569 4757
1574 4777
1580 4805
1586 4833
1591 4857
1597 4885
1603 4915
1608 4944
1614 4973
1620 5007
1626 5049
1632 5093
1640 5155
1646 5202
1651 5251
1662 5327
1668 5373
1673 5404
1684 5465
1690 5494
1695 5516
1701 5540
1707 5558
1713 5583
1719 5612
1727 5648
1734 5677
1739 5709
1745 5734
1756 5790
1767 5841
1773 5866
1778 5900
1785 5933
1791 5971
1797 6015
1802 6055
1808 6100
1814 6134
1819 6174
1825 6209
1831 6246
1836 6285
1842 6332
1848 6376
1853 6425
1859 6467
1865 6513
1870 6559
1878 6621
1884 6672
1889 6723
1895 6783
1902 6864
1907 6927
1913 6982
1919 7037
1924 7088
1930 7136
1936 7181
1941 7232
1947 7283
1953 7326
1959 7374
2030 7418
2036 7430
2047 7456
2052 7480
2058 7498
2064 7513
2069 7532
2076 7552
2081 7580
2087 7605
2093 7634
2098 7664
2104 7697
2110 7723
2116 7754
2122 7785
2127 7807
2138 7855
2149 7918
2154 7955
2160 7989
2166 8022
2171 8051
2177 8077
2183 8100
2190 8127
2196 8154
2201 8181
2207 8214
2213 8257
2219 8303
2225 8351
2230 8397
2236 8439
2247 8508
2252 8546
2258 8583
2264 8621
2269 8651
2275 8685
2281 8718
2287 8743
2293 8773
2303 8821
2309 8855
2315 8887
2320 8925
2326 8956
2332 8993
2338 9035
2345 9076
2350 9121
2356 9150
2362 9182
2367 9210
2378 9264
2384 9303
2389 9341
2395 9379
2401 9421
2406 9469
2412 9508
2418 9550
2423 9593
2434 9666
2440 9706
2446 9750
2452 9783
2457 9827
2463 9869
2469 9906
2479 9974
2486 10009
2491 10041
2497 10074
2503 10097
2519 10182
2524 10208
2530 10235
2536 10264
2542 10307
2548 10347
2555 10385
2560 10421
2566 10447
2572 10480
2578 10520
2589 10575
2595 10609
2600 10645
2606 10681
2612 10716
2618 10743
2624 10775
2629 10804
2636 10834
2642 10865
2649 10904
2654 10935
2660 10963
2666 10993
2676 11048
2682 11081
2688 11111
2695 11143
2701 11172
2707 11204
2713 11240
2719 11280
2724 11322
2730 11357
2736 11398
2742 11438
2748 11482
2758 11559
2764 11589
2770 11625
2775 11658
2783 11701
2789 11728
2794 11752
2800 11787
2807 11826
2812 11864
2818 11901
2824 11935
2829 11973
2835 12009
2841 12039
2848 12075
2853 12113
2859 12150
2865 12189
2871 12231
2876 12275
2882 12317
2888 12355
2893 12387
2899 12425
2905 12464
2912 12510
2918 12548
2924 12582
2929 12617
2940 12674
2946 12715
2951 12765
2957 12802
2963 12836
2968 12873
2974 12910
2980 12945
2985 12978
2991 13015
2997 13051
3003 13083
3009 13107
3014 13137
3020 13166
3026 13199
3031 13226
3037 13254
3043 13282
3048 13306
3054 13332
3060 13355
3065 13386
3071 13414
3077 13445
3082 13475
3088 13503
3094 13532
3100 13562
3106 13588
3112 13617
3118 13645
3123 13676
3129 13709
3135 13741
3141 13777
3147 13803
3153 13831
3158 13866
3164 13900
3170 13929
3175 13957
3186 14026
3191 14062
3197 14098
3203 14131
3213 14212
3219 14248
3225 14295
3230 14340
3237 14392
3242 14436
3248 14473
3253 14508
3259 14552
3265 14591
3270 14628
3276 14666
3282 14696
3288 14739
3294 14775
3300 14814
3305 14857
3311 14885
3322 14936
3327 14964
3333 14989
3338 15019
3344 15052
3350 15082
3355 15111
3361 15139
3367 15169
3372 15199
3378 15226
3384 15255
3389 15289
3395 15317
3402 15350
3407 15378
3413 15400
3418 15429
3424 15457
3430 15483
3435 15504
3441 15524
3447 15540
3452 15558
3458 15580
3465 15611
3470 15637
3476 15666
3483 15701
3488 15734
3494 15764
3500 15786
3505 15813
3511 15839
3517 15856
3522 15880
3528 15900
3533 15914
3539 15937
3545 15962
3551 15976
3557 15994
3562 16015
3568 16038
3574 16068
3579 16091
3585 16120
3591 16148
3596 16170
3602 16201
3608 16230
3619 16285
3625 16311
3631 16338
3636 16372
3642 16403
3648 16433
3653 16462
3659 16497
3666 16532
3672 16559
3677 16589
3684 16626
3690 16659
3695 16687
3701 16714
3707 16740
3713 16762
3718 16787
3724 16815
3730 16845
3737 16878
3742 16906
3748 16935
3754 16966
3760 16999
3766 17028
3771 17063
3777 17101
3783 17139
3789 17178
3855 17271
3860 17296
3866 17318
3872 17340
3877 17365
3883 17392
3894 17441
3899 17470
3905 17503
3911 17538
3917 17565
3922 17595
3928 17625
3934 17648
3940 17677
3947 17711
3952 17738
3958 17773
3964 17811
3971 17839
3976 17868
3982 17889
3988 17912
3993 17942
3999 17970
4005 17989
4010 18010
4016 18036
4022 18065
4028 18097
4034 18125
4039 18152
4045 18172
4051 18203
4056 18238
4062 18274
4068 18303
4073 18330
4079 18358
4085 18382
4090 18405
4096 18427
4101 18449
4108 18474
4114 18495
4120 18526
4126 18552
4133 18586
4138 18604
4145 18632
4150 18656
4156 18681
4162 18714
4168 18741
4173 18773
4180 18802
4186 18845
4192 18880
4198 18908
4203 18943
4209 18974
4215 19013
4220 19046
4226 19071
4232 19101
4238 19133
4249 19186
4255 19209
4260 19231
4266 19257
4272 19282
4277 19307
4283 19329
4289 19347
4294 19372
4300 19401
4305 19428
4311 19453
4322 19498
4327 19526
4333 19555
4339 19582
4345 19605
4350 19633
4356 19658
4362 19682
4367 19701
4373 19722
4380 19744
4385 19766
4392 19798
4399 19831
4405 19855
4410 19880
4416 19901
4422 19927
4427 19951
4433 19973
4439 19997
4445 20022
4450 20048
4456 20073
4462 20105
4467 20128
4473 20153
4479 20182
4484 20213
4490 20241
4496 20266
4501 20287
4508 20318
4513 20349
4519 20373
4525 20396
4530 20423
4536 20445
4542 20476
4547 20507
4553 20541
4559 20570
4564 20592
4570 20623
4576 20656
4583 20693
4589 20721
4595 20744
4600 20766
4606 20795
4612 20817
4617 20839
4623 20866
4634 20910
4639 20943
4645 20977
4651 21011
4656 21051
4662 21085
4668 21120
4673 21161
4679 21193
4685 21225
4690 21258
4696 21290
4708 21361
4714 21396
4720 21424
4725 21453
4731 21483
4737 21510
4742 21533
4748 21559
4754 21584
4760 21611
4766 21641
4771 21667
4777 21693
4783 21717
4788 21743
4794 21762
4800 21789
4805 21809
4811 21831
4817 21854
4822 21877
4828 21904
4834 21928
4840 21950
4846 21980
4852 22007
4858 22036
4864 22067
4869 22092
4875 22117
4881 22149
4887 22174
4892 22210
4898 22249
4904 22280
4910 22325
4915 22354
4922 22382
4928 22410
4933 22429
4939 22454
4945 22484
4950 22510
4956 22538
4962 22565
4967 22595
4973 22628
4979 22656
4984 22687
4990 22719
4996 22746
5002 22774
5008 22801
5013 22826
5020 22857
5025 22890
5033 22931
5039 22970
5044 23007
5050 23042
5056 23072
5066 23133
5072 23166
5078 23196
5083 23225
5089 23255
5099 23279
5104 23308
5111 23338
5117 23369
5122 23397
5128 23421
5134 23446
5140 23467
5145 23490
5151 23517
5157 23543
5162 23573
5168 23602
5174 23629
5179 23660
5185 23686
5191 23711
5196 23739
5202 23767
5208 23791
5213 23818
5219 23845
5225 23871
5231 23902
5236 23928
5242 23953
5249 23985
5254 24007
5260 24041
5266 24067
5271 24094
5277 24123
5283 24150
5288 24175
5294 24205
5300 24229
5305 24261
5311 24287
5317 24314
5323 24340
5329 24370
5335 24398
5340 24426
5346 24444
5352 24467
5358 24493
5363 24517
5369 24543
5375 24572
5380 24596
5391 24635
5397 24655
5402 24676
5408 24707
5414 24730
5419 24748
5425 24770
5431 24789
5437 24811
5442 24833
5448 24854
5454 24884
5459 24906
5465 24925
5471 24941
5477 24956
5485 24977
5491 24993
5497 25010
5503 25030
5508 25051
5514 25068
5520 25082
5525 25108
5531 25125
5537 25144
5543 25166
5548 25185
5554 25201
5560 25219
5565 25235
5571 25253
5577 25273
5582 25289
5588 25308
5595 25332
5600 25354
5606 25377
5612 25397
5617 25423
5623 25452
5629 25480
5634 25504
5640 25533
5646 25564
5651 25597
5657 25622
5663 25658
5669 25688
5675 25714
5681 25743
5686 25773
5697 25832
5703 25867
5708 25894
5714 25924
5721 25952
5727 25978
5732 26002
5738 26026
5744 26055
5749 26078
5755 26099
5761 26125
5766 26151
5772 26175
5778 26202
5783 26226
5789 26243
5795 26265
5800 26285
5806 26306
5812 26327
5817 26345
5823 26363
5829 26382
5834 26398
5840 26414
5846 26433
5851 26446
5857 26465
5863 26481
5868 26501
5874 26520
5880 26543
5886 26556
5892 26575
5959 26599
5965 26617
5970 26631
5976 26647
5982 26662
5987 26673
5993 26688
5999 26711
6004 26734
6010 26752
6016 26775
6021 26796
6027 26817
6033 26839
6038 26857
6044 26878
6050 26900
6055 26922
6061 26939
6067 26957
6072 26973
6078 26991
6085 27012
6090 27030
6096 27047
6102 27063
6107 27078
6113 27096
6119 27111
6124 27125
6130 27139
6136 27150
6141 27164
6147 27175
6153 27188
6159 27199
6165 27213
6171 27223
6179 27237
6184 27246
6190 27258
6196 27268
6201 27285
6207 27300
6213 27314
6218 27329
6224 27340
6230 27354
6235 27370
6241 27389
6247 27406
6253 27427
6259 27445
6270 27470
6276 27482
6281 27493
6287 27505
6293 27514
6299 27526
6304 27535
6310 27543
6316 27555
6321 27568
6327 27577
6333 27588
6338 27601
6344 27609
6349 27619
6355 27630
6361 27638
6367 27650
6373 27656
6379 27665
6385 27676
6391 27683
6397 27699
6403 27712
6409 27724
6415 27733
6420 27743
6426 27753
6432 27762
6437 27769
6443 27781
6449 27792
6455 27803
6461 27817
6466 27830
6472 27841
6478 27855
6483 27867
6489 27877
6495 27899
6501 27914
6507 27931
6512 27947
6518 27960
6524 27978
6530 27993
6535 28007
6541 28024
6547 28038
6552 28052
6558 28070
6564 28086
6569 28102
6575 28119
6581 28135
6586 28152
6593 28169
6598 28191
6604 28208
6610 28226
6615 28245
6621 28264
6627 28286
6633 28303
6639 28326
6646 28347
6652 28366
6657 28389
6663 28422
6669 28452
6674 28476
6680 28502
6685 28529
6692 28550
6697 28568
6703 28590
6709 28608
6715 28622
6720 28637
6726 28653
6732 28664
6738 28674
6743 28701
6749 28731
6755 28742
6760 28757
6766 28774
6772 28787
6777 28803
6783 28819
6789 28834
6795 28851
6801 28861
6807 28874
6812 28885
6818 28894
6824 28903
6829 28913
6838 28924
6844 28933
6850 28943
6855 28952
6861 28959
6867 28968
6872 28975
6878 28984
6884 28992
6889 28999
6895 29008
6901 29014
6906 29020
6912 29027
6918 29036
6923 29042
6929 29050
6935 29056
6940 29063
6946 29077
6952 29089
6957 29102
6963 29116
6969 29128
6974 29144
6980 29159
6986 29176
6991 29193
6997 29211
7003 29224
7008 29241
7014 29259
7020 29274
7026 29292
7031 29310
7037 29321
7043 29334
7048 29349
7054 29365
7060 29384
7065 29400
7071 29419
7077 29437
7082 29458
7088 29474
7094 29491
7099 29512
7105 29529
7111 29546
7117 29566
7122 29583
7128 29600
7134 29615
7139 29632
7145 29643
7152 29660
7158 29681
7164 29700
7169 29724
7175 29746
7181 29765
7186 29785
7192 29804
7198 29817
7204 29835
7210 29844
7216 29853
7221 29863
7227 29871
7233 29880
7238 29890
7244 29896
7255 29911
7261 29919
7266 29927
7272 29939
7278 29947
7283 29954
7289 29964
7295 29974
7301 29983
7307 29995
7313 30009
7319 30024
7325 30035
7330 30048
7336 30062
7342 30075
7348 30092
7354 30106
7360 30119
7365 30129
7371 30144
7377 30157
7383 30175
7389 30186
7394 30197
7400 30211
7406 30222
7411 30232
7417 30244
7423 30258
7428 30269
7434 30289
7439 30305
7445 30319
7451 30342
7456 30359
7462 30375
7468 30398
7473 30423
7485 30471
7491 30488
7496 30507
7502 30523
7508 30547
7514 30568
7520 30587
7525 30599
7531 30610
7537 30622
7543 30636
7549 30650
7555 30666
7561 30681
7567 30699
7572 30714
7578 30731
7589 30762
7594 30781
7600 30798
7606 30811
7611 30827
7617 30841
7623 30855
7628 30867
7634 30882
7640 30897
7645 30916
7651 30933
7657 30948
7662 30967
7668 30983
7674 30996
7679 31011
7685 31024
7692 31039
7697 31055
7703 31076
7709 31092
7714 31106
7720 31119
7726 31134
7731 31148
7738 31170
7744 31183
7750 31201
7756 31216
7762 31240
7767 31265
7773 31284
7779 31310
7784 31330
7790 31355
7795 31375
7801 31395
7807 31417
7812 31434
7818 31449
7824 31467
7829 31481
7835 31492
7841 31506
7846 31518
7852 31528
7858 31540
7863 31551
7869 31561
7875 31571
7881 31588
7886 31603
7892 31617
7903 31639
7908 31653
7914 31667
7920 31680
7925 31694
7931 31708
7937 31722
7942 31738
7948 31756
7954 31773
7959 31791
7965 31809
7971 31823
7976 31833
7982 31850
7988 31863
7998 31882
8004 31896
8010 31909
8016 31922
8022 31935
8027 31946
8033 31960
8039 31975
8049 32008
8056 32026
8062 32043
8068 32061
8073 32075
8079 32095
8085 32109
8090 32125
8096 32143
8102 32155
8107 32166
8113 32181
8119 32194
8125 32207
8131 32221
8137 32233
8142 32252
8148 32269
8153 32281
8159 32299
8165 32314
8170 32326
8181 32356
8187 32374
8192 32391
8198 32408
8204 32424
8209 32437
8215 32449
8221 32463
8227 32478
8233 32494
8239 32510
8244 32528
8251 32550
8257 32572
8263 32590
8269 32609
8274 32631
8280 32645
8285 32660
8291 32678
8297 32691
8302 32708
8308 32731
8319 32767
8324 32785
8330 32803
8336 32826
8346 32867
8352 32884
8358 32898
8363 32915
8369 32928
8375 32944
8380 32963
8391 32990
8397 33005
8402 33019
8408 33033
8413 33052
8419 33067
8425 33080
8436 33106
8441 33119
8447 33132
8452 33150
8458 33163
8464 33180
8469 33196
8475 33207
8481 33220
8486 33231
8492 33244
8498 33257
8504 33273
8510 33288
8515 33302
8521 33323
8527 33337
8533 33350
8539 33363
8544 33377
8550 33391
8556 33405
8561 33422
8567 33435
8573 33451
8578 33466
8584 33480
8590 33499
8596 33519
8602 33529
8608 33545
8613 33555
8619 33563
8625 33577
8635 33602
8643 33619
8649 33634
8655 33648
8660 33661
8667 33681
8673 33699
8679 33717
8685 33735
8691 33755
8696 33770
8702 33782
8707 33795
8713 33810
8719 33823
8724 33837
8730 33854
8736 33866
8741 33882
8747 33896
8753 33909
8758 33920
8764 33939
8776 33967
8781 33986
8787 34002
8793 34016
8799 34034
8804 34050
8810 34067
8815 34081
8821 34097
8827 34114
8832 34129
8838 34142
8844 34154
8849 34161
8855 34174
8861 34186
8867 34196
8872 34206
8878 34219
8884 34230
8889 34239
8895 34254
8901 34268
8906 34282
8912 34298
8918 34311
8923 34327
8929 34343
8934 34361
8940 34377
8946 34394
8951 34406
8957 34418
8963 34435
8969 34447
8974 34460
8980 34478
8986 34496
8991 34515
8997 34533
9003 34551
9008 34564
9015 34587
9021 34607
9026 34625
9032 34649
9038 34670
9043 34690
9049 34711
9055 34729
9060 34749
9066 34777
9072 34798
9077 34822
9083 34846
9088 34866
9094 34883
9100 34897
9105 34917
9111 34935
9117 34955
9122 34974
9128 34993
9134 35013
9139 35033
9145 35055
9151 35072
9156 35091
9167 35121
9173 35138
9178 35154
9184 35171
9190 35185
9195 35203
9201 35218
9207 35235
9212 35251
9219 35266
9224 35288
9230 35306
9236 35323
9241 35344
9248 35373
9254 35395
9259 35414
9265 35431
9271 35447
9276 35464
9282 35478
9288 35494
9293 35516
9299 35534
9305 35556
9310 35572
9316 35587
9322 35604
9327 35624
9333 35639
9339 35657
9345 35674
9351 35690
9356 35709
9362 35731
9368 35749
9373 35765
9379 35783
9385 35799
9390 35813
9396 35828
9402 35846
9407 35863
9413 35879
9419 35897
9424 35911
9430 35921
9436 35939
9441 35950
9447 35966
9453 35977
9458 35987
9464 36002
9470 36017
9475 36030
9481 36040
9487 36052
9492 36060
9559 36076
9565 36082
9571 36087
9576 36095
9582 36100
9593 36111
9603 36120
9609 36126
9615 36132
9620 36136
9627 36143
9632 36149
9638 36156
9644 36163
9649 36170
9655 36177
9661 36188
9666 36196
9672 36205
9678 36214
9683 36223
9689 36233
9695 36240
9700 36245
9706 36251
9712 36258
9717 36266
9723 36274
9729 36281
9734 36290
9741 36304
9746 36312
9752 36324
9757 36334
9763 36340
9769 36350
9776 36361
9781 36368
9787 36373
9793 36379
9798 36388
9804 36396
9810 36404
9816 36413
9821 36423
9827 36429
9833 36439
9838 36446
9849 36463
9855 36469
9862 36482
9868 36490
9874 36499
9880 36505
9886 36514
9892 36523
9898 36533
9903 36540
9909 36545
9915 36552
9920 36562
9926 36571
9932 36581
9937 36591
9943 36603
9949 36608
9954 36618
9960 36624
9966 36628
9971 36633
9977 36639
9983 36644
9993 36654
9999 36660
10005 36665
10010 36671
10016 36675
10022 36680
10027 36686
10033 36692
10039 36697
10044 36704
10050 36709
10056 36715
10061 36724
10067 36728
10073 36733
10078 36739
10084 36744
10090 36749
10095 36755
10102 36760
10107 36767
10113 36773
10120 36782
10125 36789
10131 36795
10137 36802
10142 36809
10148 36815
10154 36822
10159 36828
10165 36835
10171 36843
10176 36849
10182 36857
10188 36864
10193 36871
10199 36879
10205 36885
10210 36891
10216 36897
10221 36902
10227 36907
10233 36915
10238 36920
10244 36924
10250 36930
10255 36935
10261 36941
10267 36946
10272 36952
10278 36957
10284 36962
10289 36967
10295 36973
10301 36978
10306 36986
10312 36992
10317 37001
10323 37010
10329 37019
10334 37028
10340 37034
10346 37041
10351 37045
10357 37054
10363 37065
10368 37070
10374 37081
10379 37092
10385 37099
10391 37107
10396 37118
10402 37126
10408 37135
10413 37143
10419 37150
10430 37166
10435 37175
10442 37187
10448 37196
10453 37202
10459 37210
10465 37219
10470 37226
10476 37236
10481 37243
10488 37251
10494 37257
10499 37263
10505 37270
10511 37276
10517 37284
10523 37291
10529 37296
10534 37306
10540 37315
10546 37321
10551 37332
10557 37339
10562 37346
10568 37354
10574 37363
10579 37372
10585 37382
10591 37391
10596 37400
10602 37410
10608 37419
10613 37427
10619 37438
10625 37446
10630 37455
10636 37465
10642 37474
10647 37481
10653 37492
10659 37501
10664 37510
10670 37521
10675 37533
10681 37543
10687 37556
10692 37569
10698 37585
10704 37601
10709 37616
10715 37629
10721 37644
10726 37661
10732 37678
10738 37692
10744 37708
10756 37735
10761 37745
10767 37759
10773 37773
10778 37786
10784 37799
10790 37817
10795 37831
10801 37846
10806 37861
10812 37874
10818 37888
10823 37902
10829 37915
10840 37933
10845 37941
10852 37952
10858 37962
10863 37971
10869 37980
10875 37988
10880 37999
10886 38007
10891 38014
10897 38027
10903 38041
10908 38055
10914 38069
10920 38085
10925 38099
10931 38114
10937 38123
10942 38134
10948 38151
10955 38168
10960 38184
10966 38196
10971 38211
10977 38226
10983 38237
10988 38248
10994 38260
11000 38273
11005 38282
11011 38292
11017 38304
11022 38314
11028 38327
11033 38336
11039 38353
11045 38370
11050 38382
11056 38391
11062 38403
11067 38414
11073 38426
11079 38441
11084 38456
11090 38465
11096 38475
11101 38482
11107 38491
11112 38499
11118 38506
11124 38511
11129 38518
11135 38524
11141 38533
11146 38541
11152 38553
11157 38568
11163 38575
11169 38589
11174 38604
11180 38613
11186 38622
11191 38632
11197 38642
11203 38649
11208 38664
11214 38683
11219 38701
11225 38717
11231 38736
11236 38749
11242 38761
11248 38771
11254 38779
11259 38788
11265 38795
11270 38802
11276 38807
11282 38814
11287 38827
11293 38841
11299 38856
11304 38864
11310 38871
11316 38878
11326 38888
11332 38893
11337 38899
11343 38906
11349 38918
11354 38927
11360 38941
11366 38955
11371 38967
11377 38978
11383 38983
11388 38996
11394 39006
11400 39011
11405 39015
11411 39026
11416 39037
11422 39050
11428 39062
11434 39076
11440 39090
11446 39101
11451 39114
11457 39124
11463 39139
11468 39151
11474 39163
11479 39170
11485 39179
11491 39189
11496 39201
11502 39216
11508 39229
11513 39241
11519 39249
11525 39253
11530 39257
11536 39261
11541 39263
11547 39264
11553 39266
11558 39267
11564 39269
11570 39270
11575 39271
11581 39275
11588 39277
11593 39278
11599 39279
11604 39284
11610 39290
11616 39295
11621 39301
11627 39308
11633 39312
11638 39317
11644 39323
11650 39327
11655 39330
11661 39332
11668 39338
11673 39344
11679 39349
11685 39352
11690 39357
11696 39363
11702 39367
11707 39374
11713 39381
11718 39390
11724 39397
11730 39406
11735 39419
11741 39431
11746 39440
11752 39450
11758 39459
11763 39471
11769 39482
11775 39489
11781 39498
11786 39509
11792 39517
